# This table gives an estimate of the distance that has tobe computed to find the zero Crossing of C(r).
# it is useful to speed-up computations
0.3000 30 40
0.3000 50 40
0.3000 70 40
0.3000 100 40
0.3000 150 40
0.3000 200 40
0.3000 250 40
0.3000 300 40
0.3000 400 40
0.3000 500 40
0.3100 30 40
0.3100 50 40
0.3100 70 40
0.3100 100 40
0.3100 150 40
0.3100 200 40
0.3100 250 40
0.3100 300 40
0.3100 400 40
0.3100 500 40
0.3140 30 40
0.3140 50 40
0.3140 70 40
0.3140 100 40
0.3140 150 40
0.3140 200 60
0.3140 250 60
0.3140 300 60
0.3140 400 80
0.3140 500 80
0.3160 30 25
0.3160 50 25
0.3160 70 25
0.3160 100 40
0.3160 150 40
0.3160 200 60
0.3160 250 80
0.3160 300 110
0.3160 400 120
0.3160 500 140
0.3170 30 25
0.3170 50 25
0.3170 70
0.3170 100
0.3170 150 60
0.3170 200 60
0.3170 250 80
0.3170 300 100
0.3170 400 120
0.3170 500 160
0.3175 30 25
0.3175 50 25
0.3175 70 25
0.3175 100 40
0.3175 150 60
0.3175 200 80
0.3175 250 80
0.3175 300 110
0.3175 400 140
0.3175 500 160
0.3180 30 40
0.3180 50 40
0.3180 70 40
0.3180 100 40
0.3180 150 60
0.3180 200 80
0.3180 250 100
0.3180 300 110
0.3180 400 140
0.3180 500 180
0.3185 30 25
0.3185 50 25
0.3185 70 40
0.3185 100 40
0.3185 150 60
0.3185 200 80
0.3185 250 80
0.3185 300 110
0.3185 400 130
0.3185 500 160
0.3190 30 25
0.3190 50 25
0.3190 70 40
0.3190 100 40
0.3190 150 60
0.3190 200 60
0.3190 250 80
0.3190 300 100
0.3190 400 120
0.3190 500 140
0.3200 30 25
0.3200 50 25
0.3200 70 25
0.3200 100 40
0.3200 150 60
0.3200 200 80
0.3200 250 80
0.3200 300 80
0.3200 400 100
0.3200 500 120
0.3220 30 25
0.3220 50 25
0.3220 70 25
0.3220 100 40
0.3220 150 60
0.3220 200 60
0.3220 250 60
0.3220 300 60
0.3220 400 80
0.3220 500 80
0.3260 30 40
0.3260 50 40
0.3260 70 40
0.3260 100 40
0.3260 150 40
0.3260 200 60
0.3260 250 60
0.3260 300 60
0.3260 400 60
0.3260 500 60
0.3300 30 40
0.3300 50 40
0.3300 70 40
0.3300 100 40
0.3300 150 40
0.3300 200 40
0.3300 250 40
0.3300 300 40
0.3300 400 40
0.3300 500 40
0.3400 30 40
0.3400 50 40
0.3400 70 40
0.3400 100 40
0.3400 150 40
0.3400 200 40
0.3400 250 40
0.3400 300 40
0.3400 400 40
0.3400 500 40
